YEAR    JAN    FEB    MAR    APR    MAY    JUN    JUL    AUG    SEP    OCT    NOV    DEC   D-J-F   M-A-M   J-J-A   S-O-N  metANN
1922  999.9  999.9  999.9  999.9   11.4   14.2   17.1   15.7   11.6    3.7   -0.5   -2.3   999.9   999.9    15.7     4.9  999.90
1923   -1.5   -8.2    1.4    4.0   11.4   11.6   17.1   14.5   13.1    8.4    2.6   -3.9    -4.0     5.6    14.4     8.0    6.01
1924  -10.6   -7.1   -3.3    3.1   12.9   15.9   15.8   15.9   13.6    8.0    1.4   -2.6    -7.2     4.2    15.9     7.7    5.14
1925    0.3    1.4   -0.4    7.5   14.2   13.1   18.4   15.7   11.1    5.1   -0.4   -4.0    -0.3     7.1    15.7     5.3    6.95
1926   -6.5   -3.8   -1.5    6.2   12.9   15.5   18.0   14.8   12.0    4.8    5.5   -4.7    -4.8     5.9    16.1     7.4    6.16
1927   -6.6   -5.5    1.8    4.4    8.3   14.4   19.7   17.3   12.7    6.8   -1.0   -8.3    -5.6     4.8    17.1     6.2    5.63
1928   -3.6   -5.0   -2.3    5.0   11.2   11.4   15.7   14.1   11.2    6.6    4.7   -4.7    -5.6     4.6    13.7     7.5    5.06
1929  -10.5  -16.6   -4.4    0.3   13.1   12.4   15.4   16.4   12.1    8.8    3.0    0.0   -10.6     3.0    14.7     8.0    3.78
1930   -1.5   -3.9    0.3    7.4   11.7   15.6   16.7   15.8   10.2    7.8    2.8   -5.0    -1.8     6.5    16.0     6.9    6.91
1931   -5.4   -7.1   -4.7    3.0   15.0   13.6   17.2   15.8    9.6    5.3    0.0   -2.3    -5.8     4.4    15.5     5.0    4.78
1932   -1.2   -8.9   -5.7    5.3   14.2   13.8   19.9   17.2   13.8    7.2    1.7   -0.2    -4.1     4.6    17.0     7.6    6.25
1933   -8.8   -5.3    0.2    3.5   10.2   14.2   17.7   14.6   11.7    6.5   -0.9   -8.9    -4.8     4.6    15.5     5.8    5.28
1934   -3.9   -1.7    1.1    8.2   13.2   14.9   17.8   17.3   14.6    9.1    4.0   -4.2    -4.8     7.5    16.7     9.2    7.14
1935   -8.4   -2.9   -0.3    5.8    8.9   16.9   14.9   15.7   12.3    8.6    0.8   -1.4    -5.2     4.8    15.8     7.2    5.68
1936   -1.3   -7.3    1.8    6.2   13.2   17.1   19.6   16.2   10.6    3.9    1.9   -0.6    -3.3     7.1    17.6     5.5    6.71
1937   -9.0   -4.0   -0.3    7.0   15.5   16.8   16.8   18.3   14.7    7.5    1.8   -6.7    -4.5     7.4    17.3     8.0    7.04
1938   -4.3   -2.0    3.6    4.0   10.8   14.9   18.1   19.0   13.5    8.4    3.9   -6.1    -4.3     6.1    17.3     8.6    6.93
1939   -2.8   -0.1   -2.1    6.8    9.9   16.2   18.7   19.9   11.5    3.2    1.6   -4.8    -3.0     4.9    18.3     5.4    6.39
1940  -14.7  -14.8   -5.5    3.9   12.0   16.3   17.7   14.5   11.1    4.7    3.1   -6.1   -11.4     3.5    16.2     6.3    3.62
1941  -13.0   -6.1   -2.3    1.8    8.4   13.9   18.6   15.9    9.7    3.6   -4.1   -4.2    -8.4     2.6    16.1     3.1    3.36
1942  -15.6  -10.7   -9.5    3.8    9.9   12.7   15.7   17.4   13.3    7.9   -0.7   -1.7   -10.2     1.4    15.3     6.8    3.33
1943  -10.1   -0.2    2.0    7.1   10.6   15.7   15.4   16.7   13.1    8.2    1.1   -1.3    -4.0     6.6    15.9     7.5    6.49
1944   -1.3   -3.0   -1.4    3.6   10.7   13.8   18.4   17.8   12.4    7.9    1.5   -3.2    -1.9     4.3    16.7     7.3    6.59
1945   -7.6   -2.5   -0.5    5.5   10.3   14.0   18.0   17.2   11.5    5.9    0.7   -4.4    -4.4     5.1    16.4     6.0    5.78
1946   -4.8   -4.5   -1.3    7.4   12.1   15.4   18.7   17.0   12.6    3.1   -1.3   -4.9    -4.6     6.1    17.0     4.8    5.83
1947   -9.2  -14.2   -3.0    5.5   12.8   17.1   18.0   16.0   14.0    5.2    1.2   -1.7    -9.4     5.1    17.0     6.8    4.88
1948   -2.8   -5.7   -0.3    8.5   14.4   16.0   16.7   16.9   13.0    6.2    1.1   -2.1    -3.4     7.5    16.5     6.8    6.86
1949   -1.7   -1.8   -1.4    6.8   14.1   14.9   17.1   15.1   14.6    8.2    3.6    0.6    -1.9     6.5    15.7     8.8    7.28
1950  -11.8   -2.1    0.6    9.1   12.7   15.3   15.8   15.9   13.0    6.2    1.4   -0.8    -4.4     7.5    15.7     6.9    6.39
1951   -5.8   -4.8   -3.0    7.1    9.7   15.8   16.4   18.6   13.6    4.9    2.1    0.4    -3.8     4.6    16.9     6.9    6.15
1952   -1.8   -4.6   -8.8    8.4    9.5   13.6   16.8   16.7   10.3    5.3   -0.4   -3.5    -2.0     3.0    15.7     5.1    5.45
1953   -5.5   -7.1   -0.1    7.1   11.5   16.9   18.3   15.9   12.0    7.9    0.1   -4.3    -5.4     6.2    17.0     6.7    6.13
1954  -10.3  -12.9    0.0    3.3   13.9   17.6   17.1   16.6   13.8    7.1    0.7    0.0    -9.2     5.7    17.1     7.2    5.22
1955   -4.9   -5.9   -4.4    2.1    9.6   13.0   17.9   18.2   14.5    8.0    1.4   -4.4    -3.6     2.4    16.4     8.0    5.79
1956   -5.0  -14.4   -3.5    3.3   11.0   17.5   15.6   13.9   10.5    6.7   -2.5   -1.9    -7.9     3.6    15.7     4.9    4.06
1957   -1.9    0.4   -1.3    6.8   10.7   14.9   18.0   15.7   10.9    7.9    3.0   -3.4    -1.1     5.4    16.2     7.3    6.93
1958   -5.2   -3.9   -4.9    2.8   12.9   14.1   16.6   15.4   11.8    8.6    2.7   -2.4    -4.2     3.6    15.4     7.7    5.62
1959   -2.2   -2.4    2.9    7.0   10.9   15.9   19.7   17.9   10.3    5.9    1.1   -5.2    -2.3     6.9    17.8     5.8    7.05
1960   -6.3   -6.8   -3.0    5.7   12.3   16.3   17.6   16.5   11.1    6.4    2.4    2.1    -6.1     5.0    16.8     6.6    5.58
1961   -3.4   -0.2    2.4    7.0   11.3   17.1   16.1   14.7   11.9    8.3    2.6   -4.5    -0.5     6.9    16.0     7.6    7.49
1962   -1.4   -5.0   -5.0    7.6    9.8   13.3   15.0   14.7   10.7    7.3    2.7   -6.1    -3.6     4.1    14.3     6.9    5.43
1963  -12.1   -9.4   -5.1    5.3   15.5   15.1   18.5   18.3   13.4    7.1    3.2   -6.0    -9.2     5.2    17.3     7.9    5.31
1964   -4.0   -8.5   -5.3    4.8   11.4   18.4   17.8   15.1   11.4    6.6    1.4   -1.9    -6.2     3.6    17.1     6.5    5.26
1965   -3.5   -7.4   -2.4    4.8    8.5   15.1   15.2   14.5   13.6    6.7   -2.8   -1.5    -4.3     3.6    14.9     5.8    5.03
1966   -7.4   -6.0    0.5    5.3   13.2   17.0   17.9   15.9   11.0    8.0    0.9   -3.3    -5.0     6.3    16.9     6.6    6.23
1967   -9.2   -2.9    2.3    5.9   13.5   15.0   17.4   16.2   14.5    9.9    3.3   -4.4    -5.1     7.2    16.2     9.2    6.88
1968   -9.4   -4.7    0.3    7.1   10.3   17.1   15.9   17.0   12.2    5.8    0.6   -3.9    -6.2     5.9    16.7     6.2    5.65
1969  -10.6   -7.3   -4.8    4.5   12.1   14.8   17.2   15.8   11.6    6.7    3.3   -9.5    -7.3     3.9    15.9     7.2    4.95
1970   -8.7   -8.8   -1.3    5.1   12.2   16.1   16.6   16.0   11.1    5.7    2.1   -2.0    -9.0     5.3    16.2     6.3    4.72
1971   -3.3   -2.1   -2.9    5.6   13.6   14.9   17.4   18.1   10.6    7.2    0.4    1.3    -2.5     5.4    16.8     6.1    6.46
1972  -10.0   -2.2    0.1    5.4   12.6   17.5   20.2   17.4   11.6    4.8    3.0   -0.2    -3.6     6.0    18.4     6.5    6.81
1973   -3.9   -0.4    1.8    5.7   11.9   16.7   18.6   16.5   10.2    5.1    0.4   -3.2    -1.5     6.5    17.3     5.2    6.87
1974   -3.0    0.0    1.7    5.4    9.7   14.3   15.3   16.4   13.3    6.6    2.7    1.1    -2.1     5.6    15.3     7.5    6.60
1975    0.4   -1.1    2.6    5.7   13.8   15.3   18.0   17.5   14.4    6.9   -0.2   -0.1     0.1     7.4    16.9     7.0    7.87
1976   -6.0   -7.8   -3.2    5.0   10.5   12.9   17.0   14.7   11.2    2.7    3.1   -2.8    -4.6     4.1    14.9     5.7    5.00
1977   -5.4   -3.5    1.0    4.2   12.3   15.8   14.8   14.9    9.6    6.6    3.3   -3.1    -3.9     5.8    15.2     6.5    5.90
1978   -4.2   -7.2    1.3    4.6   10.8   14.1   15.4   15.2    9.7    6.4    5.5   -8.9    -4.8     5.6    14.9     7.2    5.71
1979   -9.0   -8.1   -0.8    4.7   13.5   18.2   13.3   16.2   11.6    4.6    1.1   -1.1    -8.7     5.8    15.9     5.8    4.70
1980   -7.7   -6.3   -4.7    5.4    7.8   16.0   16.2   15.0   11.4    7.0   -0.5   -1.6    -5.0     2.8    15.7     6.0    4.88
1981   -4.9   -3.1   -0.2    3.7   13.6   15.8   17.0   15.3   12.1    7.7    1.6   -4.5    -3.2     5.7    16.0     7.1    6.42
1982   -5.9   -4.6    1.1    4.7   12.1   13.4   17.5   16.9   12.5    6.9    3.5    0.2    -5.0     6.0    15.9     7.6    6.13
1983    1.2   -4.9    0.4    8.0   14.5   14.8   17.5   17.6   13.5    7.2    1.1   -2.2    -1.2     7.6    16.6     7.3    7.59
1984   -2.0   -4.3   -0.9    7.9   13.7   13.4   14.8   16.3   11.5    8.9    0.7   -2.1    -2.8     6.9    14.8     7.0    6.48
1985  -11.8  -12.6   -1.3    5.0   13.7   14.4   15.4   17.6   10.1    8.1   -0.2   -2.2    -8.8     5.8    15.8     6.0    4.69
1986   -3.6  -11.4    0.0    5.8   12.9   16.2   16.6   15.7    9.1    6.4    3.7   -2.7    -5.7     6.2    16.2     6.4    5.77
1987  -15.6   -4.1   -5.6    4.0   10.8   14.2   16.0   14.2   10.7    6.5    1.8   -1.5    -7.5     3.1    14.8     6.3    4.18
1988   -2.6   -2.3   -1.7    4.6   13.8   16.9   18.6   15.6   12.7    5.7   -1.6   -2.8    -2.1     5.6    17.0     5.6    6.52
1989    1.6    2.3    3.3    7.6   12.8   15.8   17.6   15.7   12.8    8.0    0.2   -2.0     0.4     7.9    16.4     7.0    7.91
1990    0.6    3.7    4.7    7.9   11.5   15.1   15.7   16.2   10.1    7.0    3.2   -1.7     0.8     8.0    15.7     6.8    7.81
1991   -0.3   -0.9    1.6    6.4   10.2   14.2   17.9   17.5   12.8    6.8    2.9   -0.5    -1.0     6.1    16.5     7.5    7.28
1992   -1.2   -0.5    2.2    4.9   12.5   17.2   18.7   18.1   12.2    3.3    1.6   -0.6    -0.7     6.5    18.0     5.7    7.38
1993   -0.4   -0.8   -0.8    7.5   15.6   13.8   15.6   14.5    9.4    6.2   -1.2   -0.3    -0.6     7.4    14.6     4.8    6.57
1994   -0.1   -0.3   -0.2    7.9   10.9   13.7   20.4   17.6   13.6    5.4    1.5   -0.6    -0.2     6.2    17.2     6.8    7.51
1995   -1.0   -1.0    1.8    6.8   11.2   16.9   17.8   17.2   12.0    8.3   -0.9   -0.4    -0.9     6.6    17.3     6.5    7.38
1996   -1.0   -1.0   -0.7    6.8   13.2   14.8   15.3   18.6    9.9    7.9    4.4   -0.4    -0.8     6.4    16.2     7.4    7.32
1997   -0.7   -0.1    0.8    4.0   11.2   15.7   18.2   18.8   11.7    5.5    1.7   -0.5    -0.4     5.3    17.6     6.3    7.20
1998   -0.2    0.6   -0.3    8.2   13.1   16.5   16.0   14.5   11.9    6.5   -0.4   -0.9    -0.0     7.0    15.7     6.0    7.16
1999   -0.4   -0.4    1.9    9.0   10.4   18.8   19.7   16.5   14.1    6.9    0.9   -0.8    -0.6     7.1    18.3     7.3    8.04
2000   -0.8    0.7    1.6   11.2   12.8   14.8   15.9   15.8   10.3    9.3    5.1    0.9    -0.3     8.5    15.5     8.2    7.99
2001   -1.3   -3.3   -0.5    7.8   12.7   14.1   20.6   17.6   11.9    8.7    2.0   -5.8    -1.2     6.7    17.4     7.5    7.60
2002   -1.8    1.7    3.0    7.9   15.4   16.5   20.3   20.1   12.5    4.5    1.6   -8.4    -2.0     8.8    19.0     6.2    7.99
2003   -5.3   -5.9    0.5    5.3   13.5   15.3   20.0   17.0   12.6    4.6    3.6    0.5    -6.5     6.4    17.4     6.9    6.07
2004   -7.5   -2.1    1.5    7.3   10.9   14.1   16.5   17.8   12.6    8.2    1.3    1.2    -3.0     6.6    16.1     7.4    6.76
2005   -0.4   -5.6   -3.5    7.4   12.0   14.9   18.9   16.6   14.1    7.9    2.7   -1.6    -1.6     5.3    16.8     8.2    7.18
2006   -7.2   -6.3   -2.7    6.5   12.5   16.5   20.9   17.8   14.6    9.7    4.4    4.0    -5.0     5.4    18.4     9.6    7.09
2007    1.3   -6.2    5.2    7.1   13.6   17.8   17.1   18.5   12.8    7.6    0.9    0.8    -0.3     8.6    17.8     7.1    8.31
2008   -0.5    2.1    2.5    8.8   12.3   16.0   18.1   17.9   12.2    8.7    3.3    0.3     0.8     7.9    17.3     8.1    8.52
2009   -3.4   -3.4    0.9    8.9   12.7   14.8   18.4   16.9   13.8    5.4    3.9   -2.5    -2.2     7.5    16.7     7.7    7.43
2010  -10.2   -3.9    0.1    7.4   13.7   16.5   21.9   19.7   12.0    4.7    4.0   -7.8    -5.5     7.1    19.4     6.9    6.95
2011   -2.9   -7.4    0.1    9.0   12.7   18.1   19.6   17.5   13.6    7.4    3.5    1.9    -6.0     7.3    18.4     8.2    6.95
2012   -2.9   -9.1    1.9    7.7   13.8   15.3   19.4   17.1   13.3    7.4    4.8   -4.3    -3.4     7.8    17.3     8.5    7.55
2013   -6.7   -1.0   -3.8    5.5   16.1   18.5   18.6   18.1   12.3    8.7    5.0    1.7    -4.0     5.9    18.4     8.7    7.25
2014   -5.2    0.1    5.2    9.1   13.4   14.7   20.6   17.7   13.5    7.4    2.8   -0.9    -1.1     9.2    17.7     7.9    8.42
2015   -0.4    0.0    4.6    7.1   11.5   15.4   17.4   20.2   14.3    6.2    4.9    2.5    -0.4     7.7    17.7     8.5    8.36
2016   -6.9    1.6    2.1    7.4   15.3   17.2   18.0   16.9   13.5    5.3    1.2    0.4    -0.9     8.3    17.4     6.7    7.84
2017   -3.7   -1.5    3.7    5.6   12.9   15.4   16.8   17.4   13.4    7.6  999.9  999.9    -1.6     7.4    16.5   999.9  999.90

